/* Quest-Dread Wastes - The Wrath of Shek'zeer */
SET @GUID = (SELECT MAX(guid) FROM `creature`);
INSERT INTO `creature` (`guid`, `id`, `map`, `spawnMask`, `phaseMask`, `modelid`, `equipment_id`, `position_x`, `position_y`, `position_z`, `orientation`, `spawntimesecs`, `spawndist`, `currentwaypoint`, `curhealth`, `curmana`, `MovementType`, `npcflag`, `unit_flags`, `unit_flags2`, `dynamicflags`) VALUES
(@GUID + 1, 66783, 870, 1, 65535, 0, 0, 184.677, 3750.62, 244.197, 2.08218, 300, 0, 0, 5909115, 0, 0, 0, 0, 0, 0),
(@GUID + 2, 66788, 870, 1, 65535, 0, 0, 446.372, 3811.84, 218.686, 5.46504, 300, 0, 0, 393941, 0, 0, 0, 0, 0, 0),
(@GUID + 3, 66788, 870, 1, 65535, 0, 0, 444.778, 3805.88, 218.484, 5.48074, 300, 0, 0, 393941, 0, 0, 0, 0, 0, 0),
(@GUID + 4, 66788, 870, 1, 65535, 0, 0, 432.019, 3794.08, 217.701, 5.49645, 300, 0, 0, 393941, 0, 0, 0, 0, 0, 0),
(@GUID + 5, 66788, 870, 1, 65535, 0, 0, 427.784, 3793.19, 216.536, 5.49645, 300, 0, 0, 393941, 0, 0, 0, 0, 0, 0),
(@GUID + 6, 66788, 870, 1, 65535, 0, 0, 374.242, 3911.51, 217.232, 3.14576, 300, 0, 0, 393941, 0, 0, 0, 0, 0, 0),
(@GUID + 7, 66788, 870, 1, 65535, 0, 0, 374.266, 3905.73, 217.912, 3.14576, 300, 0, 0, 393941, 0, 0, 0, 0, 0, 0),
(@GUID + 8, 66788, 870, 1, 65535, 0, 0, 374.289, 3900.09, 218.352, 3.14576, 300, 0, 0, 393941, 0, 0, 0, 0, 0, 0),
(@GUID + 9, 66788, 870, 1, 65535, 0, 0, 374.315, 3893.93, 218.596, 3.14576, 300, 0, 0, 393941, 0, 0, 0, 0, 0, 0),
(@GUID + 10, 66788, 870, 1, 65535, 0, 0, 367.203, 3893.9, 218.282, 3.14576, 300, 0, 0, 393941, 0, 0, 0, 0, 0, 0),
(@GUID + 11, 66788, 870, 1, 65535, 0, 0, 367.177, 3900.1, 218.341, 3.14576, 300, 0, 0, 393941, 0, 0, 0, 0, 0, 0),
(@GUID + 12, 66788, 870, 1, 65535, 0, 0, 367.154, 3905.66, 218.102, 3.14576, 300, 0, 0, 393941, 0, 0, 0, 0, 0, 0),
(@GUID + 13, 66788, 870, 1, 65535, 0, 0, 367.128, 3911.72, 217.556, 3.14576, 300, 0, 0, 393941, 0, 0, 0, 0, 0, 0),
(@GUID + 14, 66788, 870, 1, 65535, 0, 0, 359.413, 3912.06, 218.085, 3.14576, 300, 0, 0, 393941, 0, 0, 0, 0, 0, 0),
(@GUID + 15, 66788, 870, 1, 65535, 0, 0, 359.44, 3905.51, 218.774, 3.14576, 300, 0, 0, 393941, 0, 0, 0, 0, 0, 0),
(@GUID + 16, 66788, 870, 1, 65535, 0, 0, 359.464, 3899.87, 218.865, 3.14576, 300, 0, 0, 393941, 0, 0, 0, 0, 0, 0),
(@GUID + 17, 66788, 870, 1, 65535, 0, 0, 359.493, 3892.8, 218.264, 3.14576, 300, 0, 0, 393941, 0, 0, 0, 0, 0, 0),
(@GUID + 18, 66788, 870, 1, 65535, 0, 0, 321.843, 3831.2, 224.823, 3.18503, 300, 0, 0, 393941, 0, 0, 0, 0, 0, 0),
(@GUID + 19, 66788, 870, 1, 65535, 0, 0, 357.174, 3743.86, 233.234, 3.24236, 300, 0, 0, 393941, 0, 0, 0, 0, 0, 0),
(@GUID + 20, 66788, 870, 1, 65535, 0, 0, 286.389, 3774.27, 231.561, 2.22684, 300, 0, 0, 393941, 0, 0, 0, 0, 0, 0),
(@GUID + 21, 66788, 870, 1, 65535, 0, 0, 297.889, 3905.46, 219.182, 2.95569, 300, 0, 0, 393941, 0, 0, 0, 0, 0, 0),
(@GUID + 22, 66789, 870, 1, 65535, 0, 0, 142.446, 3899.59, 215.43, 3.0036, 300, 0, 0, 393941, 0, 0, 0, 0, 0, 0),
(@GUID + 23, 66789, 870, 1, 65535, 0, 0, 140.734, 3891.33, 215.279, 3.0036, 300, 0, 0, 393941, 0, 0, 0, 0, 0, 0),
(@GUID + 24, 66789, 870, 1, 65535, 0, 0, 139.27, 3880.8, 215.271, 3.0036, 300, 0, 0, 393941, 0, 0, 0, 0, 0, 0),
(@GUID + 25, 66789, 870, 1, 65535, 0, 0, 130.417, 3882.59, 214.613, 3.0036, 300, 0, 0, 393941, 0, 0, 0, 0, 0, 0),
(@GUID + 26, 66789, 870, 1, 65535, 0, 0, 131.645, 3891.43, 215.125, 3.0036, 300, 0, 0, 393941, 0, 0, 0, 0, 0, 0),
(@GUID + 27, 66789, 870, 1, 65535, 0, 0, 132.907, 3900.51, 215.144, 3.0036, 300, 0, 0, 393941, 0, 0, 0, 0, 0, 0),
(@GUID + 28, 66789, 870, 1, 65535, 0, 0, 120.016, 3903.25, 212.05, 3.0036, 300, 0, 0, 393941, 0, 0, 0, 0, 0, 0),
(@GUID + 29, 66789, 870, 1, 65535, 0, 0, 118.575, 3892.88, 212.344, 3.0036, 300, 0, 0, 393941, 0, 0, 0, 0, 0, 0),
(@GUID + 30, 66789, 870, 1, 65535, 0, 0, 117.314, 3883.79, 212.599, 3.0036, 300, 0, 0, 393941, 0, 0, 0, 0, 0, 0),
(@GUID + 31, 66789, 870, 1, 65535, 0, 0, 2.0355, 3876.18, 192.682, 2.66195, 300, 0, 0, 393941, 0, 0, 0, 0, 0, 0),
(@GUID + 32, 66789, 870, 1, 65535, 0, 0, 7.99832, 3887.75, 196.483, 2.66588, 300, 0, 0, 393941, 0, 0, 0, 0, 0, 0),
(@GUID + 33, 66789, 870, 1, 65535, 0, 0, 14.1084, 3883.54, 197.652, 2.57948, 300, 0, 0, 393941, 0, 0, 0, 0, 0, 0),
(@GUID + 34, 66789, 870, 1, 65535, 0, 0, 9.74332, 3876.61, 193.995, 2.57948, 300, 0, 0, 393941, 0, 0, 0, 0, 0, 0),
(@GUID + 35, 66790, 870, 1, 65535, 0, 0, 164.532, 3741.17, 243.99, 2.07996, 300, 0, 0, 393941, 0, 0, 0, 0, 0, 0),
(@GUID + 36, 66790, 870, 1, 65535, 0, 0, 166.724, 3753.29, 243.984, 2.0886, 300, 0, 0, 393941, 0, 0, 0, 0, 0, 0),
(@GUID + 37, 66790, 870, 1, 65535, 0, 0, 173.937, 3738.91, 244.075, 1.84591, 300, 0, 0, 393941, 0, 0, 0, 0, 0, 0),
(@GUID + 38, 66790, 870, 1, 65535, 0, 0, 201.129, 3751.13, 244.614, 1.83413, 300, 0, 0, 393941, 0, 0, 0, 0, 0, 0),
(@GUID + 39, 66790, 870, 1, 65535, 0, 0, 203.012, 3762.19, 245.934, 1.83413, 300, 0, 0, 393941, 0, 0, 0, 0, 0, 0),
(@GUID + 40, 66790, 870, 1, 65535, 0, 0, 193.625, 3764.17, 245.421, 1.83413, 300, 0, 0, 393941, 0, 0, 0, 0, 0, 0),
(@GUID + 41, 66790, 870, 1, 65535, 0, 0, 231.612, 3792.59, 230.97, 2.18441, 300, 0, 0, 393941, 0, 0, 0, 0, 0, 0),
(@GUID + 42, 66790, 870, 1, 65535, 0, 0, 237.106, 3796.46, 230.009, 2.18441, 300, 0, 0, 393941, 0, 0, 0, 0, 0, 0),
(@GUID + 43, 66790, 870, 1, 65535, 0, 0, 244.329, 3801.54, 229.887, 2.18441, 300, 0, 0, 393941, 0, 0, 0, 0, 0, 0),
(@GUID + 44, 66790, 870, 1, 65535, 0, 0, 248.967, 3794.69, 229.51, 2.19934, 300, 0, 0, 393941, 0, 0, 0, 0, 0, 0),
(@GUID + 45, 66790, 870, 1, 65535, 0, 0, 241.957, 3789.59, 230.781, 2.19934, 300, 0, 0, 393941, 0, 0, 0, 0, 0, 0),
(@GUID + 46, 66790, 870, 1, 65535, 0, 0, 235.57, 3784.95, 231.617, 2.19934, 300, 0, 0, 393941, 0, 0, 0, 0, 0, 0),
(@GUID + 47, 66790, 870, 1, 65535, 0, 0, 209.352, 3918.8, 220.673, 4.62283, 300, 0, 0, 393941, 0, 0, 0, 0, 0, 0),
(@GUID + 48, 66790, 870, 1, 65535, 0, 0, 201.697, 3919.49, 221.12, 4.62283, 300, 0, 0, 393941, 0, 0, 0, 0, 0, 0),
(@GUID + 49, 66790, 870, 1, 65535, 0, 0, 205.542, 3915.35, 220.221, 4.67074, 300, 0, 0, 393941, 0, 0, 0, 0, 0, 0),
(@GUID + 50, 66790, 870, 1, 65535, 0, 0, 46.9301, 3787.85, 198.967, 1.97682, 300, 0, 0, 393941, 0, 0, 0, 0, 0, 0),
(@GUID + 51, 66790, 870, 1, 65535, 0, 0, 37.5848, 3793.36, 198.05, 1.97682, 300, 0, 0, 393941, 0, 0, 0, 0, 0, 0),
(@GUID + 52, 66790, 870, 1, 65535, 0, 0, 38.0228, 3806.72, 198.301, 1.97682, 300, 0, 0, 393941, 0, 0, 0, 0, 0, 0),
(@GUID + 53, 66790, 870, 1, 65535, 0, 0, 44.5897, 3798.88, 199.112, 2.06086, 300, 0, 0, 393941, 0, 0, 0, 0, 0, 0),
(@GUID + 54, 66790, 870, 1, 65535, 0, 0, 47.8453, 3805.97, 199.88, 2.06086, 300, 0, 0, 393941, 0, 0, 0, 0, 0, 0),
(@GUID + 55, 66790, 870, 1, 65535, 0, 0, 55.0014, 3793.09, 200.913, 1.53936, 300, 0, 0, 393941, 0, 0, 0, 0, 0, 0);

UPDATE `creature_template` SET `dmg_multiplier` = 40, `mechanic_immune_mask` = 2096, `AIName` = 'SmartAI' WHERE `entry` = 66783;
UPDATE `creature_template` SET `dmg_multiplier` = 8, `mechanic_immune_mask` = 2096 WHERE `entry` IN (66784,66785);
UPDATE `creature_template` SET `faction_A` = 14, `faction_H` = 14, `dmg_multiplier` = 3 WHERE `entry` IN (66788,66789,66790);

INSERT INTO `smart_scripts` (`entryorguid`, `source_type`, `id`, `link`, `event_type`, `event_phase_mask`, `event_chance`, `event_flags`, `event_param1`, `event_param2`, `event_param3`, `event_param4`, `action_type`, `action_param1`, `action_param2`, `action_param3`, `action_param4`, `action_param5`, `action_param6`, `target_type`, `target_param1`, `target_param2`, `target_param3`, `target_x`, `target_y`, `target_z`, `target_o`, `comment`) VALUES 
(66783, 0, 0, 0, 0, 0, 100, 0, 10000, 11000, 18000, 25000, 11, 128022, 1, 0, 0, 0, 0, 2, 0, 0, 0, 0, 0, 0, 0, "Akkolon - Cast Dread Slash"),
(66783, 0, 1, 0, 0, 0, 100, 0, 3000, 5000, 15000, 18000, 11, 131386, 0, 0, 0, 0, 0, 2, 0, 0, 0, 0, 0, 0, 0, "Akkolon - Cast Shower of Pheromones"),
(66783, 0, 2, 0, 0, 0, 100, 0, 13000, 15000, 25000, 29000, 11, 127373, 0, 0, 0, 0, 0, 1, 0, 0, 0, 0, 0, 0, 0, "Akkolon - Cast Unstable Serum");